===begin===
## state: reactant
## pathid: 112
   1	       0.0
   2	      0.11
   3	      0.28
   4	       0.1
   5	      0.03
   6	      0.11
   7	       0.2
   8	      0.23
   9	      0.28
  10	      0.26
  11	      0.32
  12	       0.4
  13	      0.44
  14	      0.54
  15	      0.86
  16	      1.24
  17	      1.46
  18	      2.05
  19	      2.93
  20	      3.83
  21	      4.36
  22	       4.1
  23	       3.8
  24	      4.07
  25	      5.47
  26	      6.75
  27	      6.03
  28	      6.01
  29	       0.8
  30	     -4.05
  31	      -6.1
  32	      -7.6
  33	     -8.63
  34	     -9.25
  35	     -9.92
  36	    -10.52
  37	    -10.96
  38	    -10.93
  39	     -11.0
  40	    -11.13
  41	    -11.18
  42	    -11.22
  43	    -11.25
  44	    -11.35
  45	    -11.48
  46	    -11.51
  47	    -11.48
  48	    -11.51
  49	    -11.47
  50	    -11.51
===begin===
## state: reactant
## pathid: 326
   1	       0.0
   2	      0.07
   3	      0.08
   4	      0.06
   5	      0.02
   6	      0.05
   7	      0.02
   8	      0.07
   9	      0.16
  10	      0.27
  11	      0.41
  12	      0.58
  13	       0.8
  14	      1.02
  15	      1.26
  16	       1.5
  17	      2.07
  18	      2.77
  19	      3.42
  20	      3.52
  21	      3.06
  22	      2.67
  23	      2.54
  24	      2.66
  25	      3.13
  26	       4.1
  27	      5.54
  28	      5.76
  29	      5.56
  30	      5.79
  31	      3.15
  32	      1.42
  33	     -1.39
  34	     -2.59
  35	     -3.45
  36	     -4.11
  37	     -4.55
  38	     -5.02
  39	     -5.38
  40	     -5.69
  41	     -5.74
  42	     -5.92
  43	     -6.01
  44	     -6.07
  45	     -6.17
  46	     -6.24
  47	     -6.25
  48	      -6.2
  49	     -6.26
  50	     -6.24
===begin===
## state: reactant
## pathid: 634
   1	       0.0
   2	      0.06
   3	      0.04
   4	      0.03
   5	      0.06
   6	      0.02
   7	      0.06
   8	      0.13
   9	      0.25
  10	      0.36
  11	      0.42
  12	      0.54
  13	      0.54
  14	      0.73
  15	      0.83
  16	      1.23
  17	      1.74
  18	      2.55
  19	      3.38
  20	       4.4
  21	      5.45
  22	      6.11
  23	      6.15
  24	      6.19
  25	      6.69
  26	      7.81
  27	      9.55
  28	     10.05
  29	      9.39
  30	      9.41
  31	      5.87
  32	      1.62
  33	     -0.02
  34	     -0.89
  35	     -1.68
  36	     -2.39
  37	     -2.89
  38	     -3.29
  39	     -3.62
  40	     -3.86
  41	     -3.84
  42	     -4.01
  43	     -3.99
  44	     -4.08
  45	     -4.17
  46	     -4.28
  47	     -4.27
  48	     -4.27
  49	     -4.26
  50	     -4.29
===begin===
## state: reactant
## pathid: 1570
   1	       0.0
   2	     -0.02
   3	      0.05
   4	     -0.01
   5	      0.03
   6	      0.08
   7	      0.13
   8	      0.17
   9	      0.27
  10	      0.32
  11	      0.35
  12	      0.32
  13	      0.39
  14	      0.58
  15	      0.93
  16	      1.34
  17	      1.97
  18	      2.72
  19	      3.48
  20	      3.38
  21	      2.62
  22	      2.39
  23	      2.56
  24	      2.91
  25	      3.76
  26	      5.48
  27	      6.38
  28	      6.36
  29	      1.82
  30	      -2.2
  31	     -4.07
  32	     -5.38
  33	      -6.4
  34	     -6.96
  35	     -7.23
  36	     -7.52
  37	     -7.66
  38	     -7.99
  39	     -8.19
  40	     -8.04
  41	     -7.85
  42	     -7.68
  43	     -7.57
  44	     -7.53
  45	     -7.55
  46	     -7.56
  47	     -7.59
  48	     -7.62
  49	     -7.59
  50	     -7.57
===begin===
## state: reactant
## pathid: 1828
   1	       0.0
   2	      0.05
   3	      0.03
   4	      0.05
   5	      0.04
   6	      0.02
   7	      0.04
   8	      0.08
   9	      0.12
  10	      0.25
  11	      0.43
  12	       0.5
  13	      0.56
  14	      0.66
  15	      0.74
  16	      0.94
  17	      1.38
  18	      1.69
  19	      2.38
  20	      3.19
  21	      4.29
  22	      5.28
  23	      5.75
  24	      5.75
  25	      5.91
  26	      6.73
  27	      8.58
  28	     10.65
  29	      10.8
  30	      6.48
  31	      4.08
  32	      0.13
  33	     -1.28
  34	     -2.39
  35	     -3.04
  36	     -3.44
  37	     -3.78
  38	     -4.14
  39	     -4.37
  40	     -4.64
  41	     -4.63
  42	     -4.77
  43	     -4.82
  44	     -4.92
  45	     -4.98
  46	     -5.01
  47	     -5.04
  48	      -5.0
  49	      -5.0
  50	     -5.03
===begin===
## state: reactant
## pathid: 1966
   1	       0.0
   2	       0.0
   3	     -0.02
   4	      0.01
   5	     -0.02
   6	     -0.01
   7	     -0.03
   8	       0.0
   9	      0.06
  10	      0.16
  11	      0.19
  12	       0.1
  13	      0.22
  14	      0.32
  15	      0.63
  16	      1.06
  17	      1.63
  18	      2.07
  19	      1.95
  20	      1.29
  21	      0.68
  22	      0.42
  23	      0.49
  24	      1.04
  25	      2.27
  26	      3.74
  27	      3.61
  28	      3.31
  29	     -0.64
  30	     -2.59
  31	     -5.91
  32	      -7.5
  33	     -8.59
  34	      -9.5
  35	    -10.23
  36	    -10.79
  37	    -11.22
  38	    -11.48
  39	    -11.56
  40	    -11.72
  41	    -11.73
  42	    -11.75
  43	    -11.78
  44	     -11.8
  45	    -11.89
  46	    -11.95
  47	    -11.97
  48	     -12.0
  49	    -11.94
  50	    -11.99
===begin===
## state: ts
## pathid: 651
   1	       0.0
   2	      0.04
   3	     -0.02
   4	      0.06
   5	      0.01
   6	      0.08
   7	      0.08
   8	      0.16
   9	      0.24
  10	       0.4
  11	      0.58
  12	      0.66
  13	      0.74
  14	      0.89
  15	      1.08
  16	      1.37
  17	      1.91
  18	      2.67
  19	       3.6
  20	      4.43
  21	      4.71
  22	      4.48
  23	      4.29
  24	      4.42
  25	       5.2
  26	      6.94
  27	      8.15
  28	      7.71
  29	      4.03
  30	      1.51
  31	      -2.9
  32	     -4.59
  33	     -5.81
  34	     -6.76
  35	      -7.5
  36	     -8.04
  37	     -8.45
  38	      -8.7
  39	     -8.69
  40	     -8.89
  41	     -8.86
  42	     -8.94
  43	     -8.99
  44	     -9.07
  45	     -9.17
  46	     -9.26
  47	     -9.25
  48	     -9.25
  49	     -9.25
  50	     -9.27
===begin===
## state: ts
## pathid: 713
   1	       0.0
   2	      0.13
   3	      0.09
   4	      0.12
   5	      0.19
   6	      0.23
   7	      0.18
   8	      0.26
   9	      0.38
  10	      0.56
  11	      0.78
  12	      1.07
  13	      1.45
  14	       1.8
  15	      2.24
  16	      2.77
  17	      3.18
  18	      3.83
  19	       4.5
  20	      5.02
  21	      5.29
  22	      5.36
  23	      5.63
  24	      6.33
  25	      7.36
  26	      8.02
  27	      7.95
  28	      7.61
  29	      7.35
  30	      7.72
  31	      3.86
  32	      1.91
  33	       0.3
  34	     -3.44
  35	     -4.84
  36	     -5.66
  37	     -6.04
  38	     -6.69
  39	     -7.23
  40	     -7.51
  41	     -7.79
  42	     -8.03
  43	     -8.22
  44	     -8.41
  45	     -8.54
  46	     -8.64
  47	     -8.65
  48	     -8.66
  49	     -8.65
  50	      -8.7
===begin===
## state: ts
## pathid: 870
   1	       0.0
   2	      0.05
   3	      0.06
   4	      0.06
   5	      0.08
   6	      0.05
   7	      0.09
   8	      0.18
   9	      0.34
  10	      0.46
  11	      0.61
  12	      0.77
  13	      0.99
  14	      1.19
  15	      1.52
  16	      1.99
  17	      2.54
  18	      3.17
  19	      4.02
  20	      4.91
  21	      5.48
  22	       5.5
  23	      5.18
  24	      5.04
  25	      5.31
  26	      6.21
  27	      7.95
  28	      8.95
  29	      8.46
  30	      8.38
  31	       5.3
  32	      1.42
  33	     -0.64
  34	     -1.92
  35	     -2.82
  36	     -3.39
  37	     -3.92
  38	     -4.35
  39	     -4.67
  40	     -4.75
  41	     -4.87
  42	     -4.92
  43	     -4.98
  44	     -5.04
  45	     -5.08
  46	     -5.11
  47	     -5.07
  48	     -5.09
  49	     -5.08
  50	      -5.1
===begin===
## state: ts
## pathid: 1267
   1	       0.0
   2	      0.04
   3	      0.07
   4	      0.08
   5	      0.02
   6	      0.07
   7	      0.13
   8	      0.18
   9	      0.29
  10	      0.33
  11	      0.39
  12	      0.47
  13	       0.5
  14	      0.59
  15	      0.69
  16	      0.99
  17	      1.53
  18	      2.26
  19	      3.13
  20	      3.67
  21	      3.39
  22	      2.68
  23	      2.31
  24	      2.31
  25	      2.65
  26	      3.54
  27	      5.15
  28	      5.37
  29	      5.24
  30	      1.55
  31	     -0.34
  32	     -3.64
  33	     -4.95
  34	     -6.08
  35	     -7.02
  36	     -7.85
  37	     -8.41
  38	     -8.83
  39	     -9.01
  40	     -9.04
  41	     -8.99
  42	     -8.91
  43	     -8.79
  44	     -8.64
  45	     -8.48
  46	     -8.38
  47	     -8.27
  48	     -8.28
  49	     -8.28
  50	     -8.24
===begin===
## state: ts
## pathid: 1376
   1	       0.0
   2	      0.03
   3	      0.04
   4	      0.02
   5	      0.03
   6	      0.03
   7	      0.11
   8	      0.19
   9	      0.29
  10	      0.22
  11	      0.31
  12	      0.49
  13	      0.43
  14	      0.48
  15	      0.67
  16	      1.11
  17	      1.76
  18	      2.56
  19	      3.53
  20	      4.68
  21	      5.62
  22	      5.69
  23	      5.26
  24	       5.1
  25	      5.34
  26	      6.46
  27	      7.81
  28	       7.1
  29	      6.74
  30	       3.4
  31	     -1.99
  32	     -3.44
  33	     -4.43
  34	     -5.15
  35	     -5.72
  36	     -6.19
  37	     -6.65
  38	     -6.95
  39	     -7.08
  40	      -7.2
  41	     -7.32
  42	     -7.33
  43	     -7.49
  44	     -7.58
  45	     -7.63
  46	     -7.63
  47	     -7.67
  48	      -7.7
  49	     -7.66
  50	     -7.71
===begin===
## state: ts
## pathid: 1826
   1	       0.0
   2	      0.05
   3	      0.01
   4	      0.02
   5	       0.0
   6	      0.03
   7	      0.05
   8	      0.09
   9	      0.12
  10	      0.22
  11	      0.35
  12	      0.42
  13	      0.51
  14	      0.62
  15	      0.84
  16	       1.2
  17	      1.61
  18	      2.05
  19	      2.35
  20	      2.12
  21	      1.47
  22	      1.03
  23	       0.9
  24	      1.05
  25	      1.55
  26	      2.54
  27	      4.13
  28	      4.58
  29	      4.48
  30	      0.66
  31	     -0.96
  32	      -4.0
  33	     -5.19
  34	     -5.87
  35	     -6.37
  36	     -6.77
  37	     -7.03
  38	     -7.28
  39	     -7.29
  40	      -7.4
  41	     -7.52
  42	     -7.65
  43	     -7.72
  44	     -7.77
  45	     -7.84
  46	     -7.87
  47	     -7.85
  48	     -7.85
  49	     -7.86
  50	     -7.83
===begin===
## state: nhinter
## pathid: 390
   1	       0.0
   2	      0.04
   3	      0.02
   4	       0.0
   5	      0.01
   6	      0.09
   7	      0.06
   8	      0.13
   9	      0.15
  10	      0.18
  11	      0.11
  12	      0.21
  13	      0.37
  14	      0.57
  15	      0.79
  16	      1.18
  17	      1.79
  18	      2.92
  19	      4.17
  20	      4.41
  21	      3.98
  22	      4.05
  23	      4.56
  24	      5.99
  25	      7.29
  26	      1.96
  27	     -1.19
  28	     -6.14
  29	      -8.0
  30	     -9.23
  31	     -10.1
  32	    -10.71
  33	    -10.94
  34	    -11.13
  35	     -11.3
  36	    -11.36
  37	    -11.48
  38	     -11.6
  39	    -11.59
  40	    -11.61
  41	    -11.61
  42	    -11.57
  43	    -11.58
  44	    -11.59
  45	    -11.61
  46	    -11.62
  47	    -11.65
  48	    -11.67
  49	    -11.65
  50	    -11.67
===begin===
## state: nhinter
## pathid: 663
   1	       0.0
   2	     -0.02
   3	       0.0
   4	     -0.03
   5	     -0.03
   6	       0.0
   7	       0.1
   8	      0.17
   9	      0.15
  10	      0.15
  11	      0.09
  12	      0.11
  13	      0.18
  14	      0.34
  15	      0.58
  16	      1.04
  17	      1.76
  18	      2.76
  19	      3.98
  20	      4.97
  21	      5.02
  22	      4.84
  23	      5.18
  24	       6.3
  25	      7.92
  26	      7.06
  27	       7.1
  28	     -1.31
  29	     -4.33
  30	     -5.96
  31	      -7.3
  32	     -8.18
  33	     -8.87
  34	     -9.31
  35	     -9.63
  36	     -9.97
  37	    -10.22
  38	    -10.16
  39	    -10.22
  40	    -10.32
  41	    -10.23
  42	    -10.31
  43	    -10.26
  44	    -10.21
  45	    -10.28
  46	    -10.38
  47	    -10.36
  48	    -10.34
  49	    -10.39
  50	    -10.37
===begin===
## state: nhinter
## pathid: 728
   1	       0.0
   2	      0.06
   3	      0.06
   4	     -0.01
   5	      0.02
   6	     -0.01
   7	      0.01
   8	      0.05
   9	      0.11
  10	      0.23
  11	      0.34
  12	      0.22
  13	      0.41
  14	       0.6
  15	      0.68
  16	      0.94
  17	      1.37
  18	      2.02
  19	      2.85
  20	      3.78
  21	      4.53
  22	      4.57
  23	       4.2
  24	       4.1
  25	      4.44
  26	      5.82
  27	      6.57
  28	      5.88
  29	       5.8
  30	      1.32
  31	     -0.81
  32	     -4.71
  33	     -6.18
  34	     -7.24
  35	     -8.11
  36	     -8.72
  37	     -9.04
  38	     -9.21
  39	     -9.32
  40	     -9.43
  41	     -9.41
  42	     -9.42
  43	      -9.4
  44	     -9.46
  45	     -9.49
  46	      -9.5
  47	     -9.45
  48	     -9.49
  49	      -9.5
  50	     -9.43
===begin===
## state: nhinter
## pathid: 1178
   1	       0.0
   2	      0.05
   3	      0.02
   4	      0.04
   5	      0.01
   6	      0.05
   7	      0.02
   8	      0.02
   9	      0.11
  10	      0.25
  11	      0.41
  12	      0.48
  13	      0.42
  14	      0.54
  15	      0.85
  16	      1.25
  17	      1.38
  18	      1.99
  19	      2.82
  20	      3.74
  21	      4.33
  22	      4.23
  23	      3.82
  24	      3.78
  25	      4.46
  26	      5.85
  27	      5.41
  28	      4.77
  29	      4.67
  30	      5.12
  31	      0.67
  32	     -3.89
  33	     -5.59
  34	     -6.67
  35	      -7.3
  36	     -7.76
  37	     -8.03
  38	     -8.28
  39	     -8.56
  40	     -8.83
  41	     -8.79
  42	     -8.82
  43	     -8.82
  44	     -8.91
  45	     -8.98
  46	     -9.06
  47	     -9.07
  48	     -9.05
  49	     -9.02
  50	     -9.08
===begin===
## state: nhinter
## pathid: 1221
   1	       0.0
   2	      0.06
   3	      0.13
   4	      0.07
   5	      0.05
   6	      0.05
   7	      0.07
   8	       0.1
   9	      0.26
  10	      0.29
  11	       0.3
  12	      0.38
  13	      0.53
  14	      0.62
  15	      0.93
  16	      1.46
  17	      2.11
  18	      2.91
  19	       3.9
  20	      4.97
  21	      5.67
  22	      5.72
  23	      5.68
  24	      5.87
  25	       6.4
  26	      8.14
  27	      8.77
  28	      8.27
  29	      5.09
  30	      1.99
  31	     -2.59
  32	     -4.41
  33	     -5.78
  34	     -6.89
  35	     -7.69
  36	     -8.34
  37	     -8.79
  38	     -9.05
  39	     -9.25
  40	      -9.4
  41	     -9.37
  42	     -9.39
  43	     -9.35
  44	     -9.33
  45	     -9.43
  46	     -9.52
  47	     -9.47
  48	     -9.48
  49	     -9.47
  50	     -9.52
===begin===
## state: nhinter
## pathid: 1453
   1	       0.0
   2	      0.04
   3	      0.05
   4	      0.06
   5	      0.05
   6	      0.06
   7	      0.12
   8	      0.19
   9	       0.3
  10	      0.42
  11	      0.46
  12	      0.58
  13	      0.71
  14	      0.89
  15	      1.27
  16	      1.81
  17	       2.5
  18	      3.23
  19	      3.59
  20	      3.35
  21	      2.88
  22	      2.64
  23	      2.73
  24	      3.26
  25	      4.59
  26	      5.77
  27	      5.23
  28	      4.78
  29	      4.81
  30	      1.24
  31	     -2.84
  32	     -4.66
  33	     -5.99
  34	     -6.94
  35	     -7.79
  36	     -8.46
  37	     -8.97
  38	     -9.33
  39	     -9.48
  40	      -9.7
  41	     -9.71
  42	     -9.74
  43	     -9.76
  44	     -9.88
  45	     -9.95
  46	     -9.97
  47	     -9.99
  48	    -10.02
  49	    -10.01
  50	     -9.99
===+end+===
