===begin===
## state: reactant
## pathid: 112
   1	       0.0
   2	      0.32
   3	      0.55
   4	      0.41
   5	      0.14
   6	      0.43
   7	      0.92
   8	      1.39
   9	      1.64
  10	       1.7
  11	      1.77
  12	      1.74
  13	      1.37
  14	      0.83
  15	      0.41
  16	      1.62
  17	      1.83
  18	      2.51
  19	      3.69
  20	      5.06
  21	       6.5
  22	      6.58
  23	      6.01
  24	      5.99
  25	      6.89
  26	      8.17
  27	      8.31
  28	      9.17
  29	      5.07
  30	      -3.0
  31	     -6.08
  32	     -8.63
  33	    -10.32
  34	    -11.35
  35	    -12.75
  36	    -13.96
  37	    -14.99
  38	    -14.89
  39	    -14.94
  40	    -15.41
  41	    -15.72
  42	    -15.57
  43	    -15.85
  44	    -15.89
  45	    -16.37
  46	    -16.67
  47	    -16.37
  48	    -16.57
  49	    -16.61
  50	    -16.75
===begin===
## state: reactant
## pathid: 326
   1	       0.0
   2	     -0.13
   3	      0.04
   4	      0.21
   5	     -0.07
   6	      0.15
   7	       0.0
   8	      0.13
   9	       0.2
  10	      0.43
  11	      0.78
  12	      1.52
  13	      2.52
  14	      3.08
  15	      3.37
  16	      3.73
  17	      4.34
  18	       5.2
  19	      6.08
  20	      6.35
  21	      5.75
  22	      5.07
  23	      4.77
  24	      4.83
  25	      5.19
  26	      5.95
  27	      7.14
  28	      7.87
  29	      8.24
  30	      9.12
  31	      8.07
  32	      6.05
  33	     -0.22
  34	     -2.33
  35	     -3.85
  36	     -5.08
  37	     -5.89
  38	     -6.96
  39	     -7.52
  40	     -8.22
  41	     -8.46
  42	     -8.81
  43	     -9.12
  44	     -9.17
  45	     -9.45
  46	      -9.6
  47	     -9.71
  48	     -9.65
  49	     -9.63
  50	     -9.48
===begin===
## state: reactant
## pathid: 634
   1	       0.0
   2	       0.0
   3	      0.04
   4	      0.04
   5	      0.14
   6	      0.08
   7	      0.17
   8	      0.27
   9	       0.5
  10	      0.66
  11	      0.88
  12	      1.08
  13	      1.17
  14	      1.48
  15	      1.76
  16	      2.76
  17	      4.31
  18	      5.74
  19	      6.88
  20	      8.45
  21	     10.34
  22	     11.65
  23	     11.57
  24	     11.27
  25	     11.48
  26	     12.15
  27	     13.42
  28	     14.31
  29	     14.47
  30	     15.31
  31	     12.92
  32	      4.57
  33	      1.99
  34	      0.43
  35	     -0.79
  36	     -2.11
  37	     -3.24
  38	     -4.14
  39	     -4.89
  40	     -5.57
  41	     -5.67
  42	     -6.06
  43	     -6.12
  44	     -6.25
  45	      -6.6
  46	     -6.92
  47	     -6.92
  48	     -6.76
  49	     -7.06
  50	     -6.92
===begin===
## state: reactant
## pathid: 1570
   1	       0.0
   2	     -0.06
   3	      0.06
   4	     -0.06
   5	     -0.01
   6	      0.09
   7	      0.17
   8	      0.16
   9	      0.41
  10	       0.3
  11	      0.52
  12	       0.4
  13	      0.62
  14	      1.08
  15	      1.93
  16	       3.4
  17	      5.64
  18	      6.98
  19	      8.42
  20	      8.44
  21	      7.13
  22	      6.52
  23	      6.55
  24	      6.81
  25	      7.52
  26	      9.05
  27	     10.42
  28	     11.56
  29	      8.14
  30	      0.14
  31	      -2.9
  32	     -5.15
  33	     -6.95
  34	     -7.84
  35	     -8.36
  36	     -9.12
  37	     -9.44
  38	     -9.91
  39	    -10.39
  40	    -10.33
  41	    -10.16
  42	     -9.99
  43	     -9.86
  44	     -9.83
  45	     -9.86
  46	     -9.84
  47	     -9.92
  48	     -9.98
  49	    -10.01
  50	     -9.95
===begin===
## state: reactant
## pathid: 1828
   1	       0.0
   2	      0.12
   3	     -0.13
   4	       0.0
   5	       0.0
   6	      0.06
   7	     -0.08
   8	      0.19
   9	      0.16
  10	      0.65
  11	      1.31
  12	      2.23
  13	      2.56
  14	      2.77
  15	      2.96
  16	      3.21
  17	      3.75
  18	      4.09
  19	      4.79
  20	       5.8
  21	      7.21
  22	      8.49
  23	       9.4
  24	       9.5
  25	      9.52
  26	     10.16
  27	     11.59
  28	     13.68
  29	     14.99
  30	     12.02
  31	      9.41
  32	      1.48
  33	     -0.57
  34	     -2.46
  35	     -3.64
  36	      -4.2
  37	     -4.98
  38	     -5.77
  39	     -6.28
  40	     -6.92
  41	     -6.98
  42	     -7.29
  43	      -7.5
  44	     -7.71
  45	     -8.02
  46	     -7.98
  47	     -8.28
  48	     -8.02
  49	     -8.31
  50	     -8.13
===begin===
## state: reactant
## pathid: 1966
   1	       0.0
   2	      0.76
   3	      0.92
   4	      0.95
   5	      0.91
   6	      0.82
   7	      0.81
   8	      0.79
   9	      0.71
  10	      0.77
  11	      0.65
  12	      0.74
  13	      0.73
  14	      0.97
  15	      1.25
  16	      1.75
  17	      2.51
  18	      3.42
  19	      3.83
  20	      3.22
  21	      2.33
  22	      1.97
  23	      2.03
  24	       2.4
  25	      3.23
  26	      4.61
  27	      5.28
  28	       6.0
  29	      3.17
  30	      1.08
  31	     -5.92
  32	     -8.47
  33	    -10.35
  34	    -11.86
  35	    -12.94
  36	    -13.82
  37	    -14.48
  38	    -15.15
  39	    -15.34
  40	    -15.77
  41	    -15.88
  42	    -15.83
  43	    -15.86
  44	    -15.95
  45	    -16.16
  46	    -16.46
  47	    -16.38
  48	    -16.69
  49	    -16.56
  50	    -16.63
===begin===
## state: ts
## pathid: 651
   1	       0.0
   2	      0.19
   3	      0.03
   4	      0.21
   5	      0.12
   6	     -0.02
   7	      0.13
   8	      0.35
   9	      0.43
  10	       0.9
  11	      1.69
  12	      2.71
  13	      3.22
  14	      3.29
  15	      3.17
  16	      3.37
  17	      3.79
  18	      4.76
  19	      5.86
  20	       7.2
  21	      8.06
  22	      7.91
  23	      7.62
  24	      7.71
  25	      8.21
  26	      9.51
  27	     10.96
  28	     11.64
  29	      9.56
  30	      6.93
  31	     -1.43
  32	      -4.3
  33	      -6.1
  34	     -7.54
  35	     -8.94
  36	     -9.88
  37	    -10.72
  38	    -11.28
  39	    -11.29
  40	    -11.75
  41	    -11.86
  42	    -11.85
  43	    -12.06
  44	    -12.09
  45	     -12.5
  46	    -12.77
  47	    -12.75
  48	    -12.64
  49	    -12.89
  50	    -12.85
===begin===
## state: ts
## pathid: 713
   1	       0.0
   2	      0.34
   3	      0.19
   4	      0.25
   5	      0.09
   6	      0.61
   7	       0.2
   8	      0.44
   9	      0.56
  10	      0.81
  11	      1.06
  12	      1.52
  13	      2.05
  14	       2.7
  15	      3.68
  16	       5.4
  17	      6.43
  18	      7.17
  19	      7.88
  20	      8.19
  21	       8.6
  22	      8.51
  23	      8.29
  24	      8.52
  25	      9.22
  26	     10.02
  27	      9.95
  28	     10.17
  29	     10.77
  30	     12.87
  31	      9.75
  32	       7.5
  33	      5.56
  34	     -1.33
  35	     -3.33
  36	      -4.8
  37	     -5.72
  38	     -6.67
  39	     -7.86
  40	      -8.5
  41	     -9.11
  42	     -9.63
  43	    -10.08
  44	    -10.36
  45	    -10.71
  46	    -10.88
  47	    -10.82
  48	    -10.86
  49	    -11.06
  50	    -10.92
===begin===
## state: ts
## pathid: 870
   1	       0.0
   2	      0.03
   3	       0.1
   4	      0.03
   5	      0.15
   6	      0.03
   7	      0.09
   8	      0.11
   9	      0.39
  10	      0.42
  11	      0.74
  12	      0.92
  13	      1.41
  14	      1.78
  15	      2.66
  16	      4.23
  17	      5.79
  18	      6.53
  19	      7.52
  20	      8.52
  21	      9.54
  22	      9.97
  23	       9.6
  24	      9.25
  25	      9.42
  26	     10.06
  27	     11.41
  28	     12.67
  29	     13.04
  30	     13.81
  31	     12.08
  32	      4.51
  33	      1.38
  34	     -0.49
  35	      -2.1
  36	     -3.21
  37	     -4.28
  38	     -5.18
  39	      -5.9
  40	      -6.2
  41	     -6.55
  42	     -6.77
  43	     -6.94
  44	     -7.27
  45	     -7.32
  46	     -7.54
  47	     -7.34
  48	     -7.39
  49	     -7.56
  50	     -7.48
===begin===
## state: ts
## pathid: 1267
   1	       0.0
   2	     -0.09
   3	      0.21
   4	      0.19
   5	     -0.01
   6	      0.03
   7	      0.19
   8	       0.3
   9	       1.2
  10	      1.97
  11	      2.27
  12	      2.08
  13	      2.15
  14	      1.91
  15	      1.63
  16	      1.31
  17	      1.95
  18	      3.24
  19	      4.43
  20	      5.54
  21	      5.75
  22	      4.72
  23	      4.19
  24	      4.18
  25	       4.5
  26	      5.24
  27	      6.62
  28	      7.44
  29	      8.29
  30	      5.99
  31	      3.88
  32	     -3.64
  33	      -6.1
  34	     -7.59
  35	     -8.52
  36	     -9.73
  37	    -11.01
  38	    -11.84
  39	    -12.42
  40	    -12.77
  41	    -12.92
  42	    -12.85
  43	    -12.91
  44	    -12.67
  45	    -12.67
  46	    -12.49
  47	    -12.47
  48	    -12.51
  49	    -12.39
  50	    -12.45
===begin===
## state: ts
## pathid: 1376
   1	       0.0
   2	     -0.07
   3	     -0.02
   4	     -0.18
   5	       0.1
   6	     -0.11
   7	       0.1
   8	      0.13
   9	       0.3
  10	      0.14
  11	      0.34
  12	       0.5
  13	       0.6
  14	      0.71
  15	      1.09
  16	      1.98
  17	      3.55
  18	      6.03
  19	      7.37
  20	      8.56
  21	      9.55
  22	      9.93
  23	      9.38
  24	      9.05
  25	      9.16
  26	     10.01
  27	     11.33
  28	     11.54
  29	     12.04
  30	     10.31
  31	      0.77
  32	     -1.62
  33	     -2.99
  34	     -4.16
  35	     -5.29
  36	     -6.05
  37	     -7.05
  38	     -7.56
  39	     -7.91
  40	     -8.17
  41	     -8.56
  42	     -8.49
  43	      -9.0
  44	     -9.28
  45	     -9.34
  46	     -9.39
  47	     -9.49
  48	     -9.65
  49	     -9.61
  50	     -9.72
===begin===
## state: ts
## pathid: 1826
   1	       0.0
   2	      0.15
   3	     -0.04
   4	      0.07
   5	     -0.09
   6	      0.08
   7	      0.07
   8	      0.14
   9	      0.25
  10	      0.65
  11	      2.34
  12	      2.82
  13	      2.83
  14	      3.08
  15	      3.29
  16	      3.84
  17	      4.23
  18	      4.98
  19	      5.64
  20	      5.94
  21	      5.19
  22	      4.46
  23	      4.23
  24	      4.31
  25	      4.66
  26	      5.43
  27	      6.87
  28	      7.96
  29	      9.09
  30	      6.15
  31	      4.35
  32	     -2.37
  33	     -4.35
  34	     -5.59
  35	     -6.64
  36	     -7.63
  37	      -8.2
  38	     -8.79
  39	     -8.93
  40	     -9.12
  41	     -9.49
  42	     -9.79
  43	    -10.17
  44	     -10.2
  45	     -10.5
  46	     -10.5
  47	    -10.51
  48	    -10.43
  49	    -10.63
  50	    -10.53
===begin===
## state: nhinter
## pathid: 390
   1	       0.0
   2	      0.47
   3	      0.28
   4	     -0.02
   5	      0.35
   6	      0.91
   7	      2.16
   8	      2.14
   9	      2.18
  10	      2.11
  11	      2.21
  12	      2.27
  13	      2.43
  14	       2.7
  15	      2.94
  16	      3.43
  17	      4.12
  18	      5.61
  19	      7.54
  20	      8.63
  21	      8.25
  22	      8.05
  23	      8.01
  24	      8.79
  25	     10.36
  26	      6.95
  27	      4.01
  28	     -5.14
  29	      -8.3
  30	    -10.34
  31	    -11.93
  32	    -13.22
  33	    -13.84
  34	    -14.03
  35	    -14.58
  36	    -14.73
  37	    -14.86
  38	    -15.37
  39	    -15.24
  40	    -15.37
  41	     -15.3
  42	    -15.38
  43	    -15.23
  44	    -15.37
  45	    -15.29
  46	    -15.47
  47	    -15.42
  48	    -15.61
  49	    -15.48
  50	    -15.58
===begin===
## state: nhinter
## pathid: 663
   1	       0.0
   2	     -0.04
   3	     -0.08
   4	     -0.06
   5	      0.01
   6	     -0.13
   7	      0.07
   8	      0.12
   9	      0.29
  10	      0.18
  11	      0.15
  12	      0.15
  13	      0.62
  14	      1.59
  15	      2.18
  16	      3.33
  17	      4.24
  18	      5.26
  19	      6.22
  20	      7.65
  21	      8.07
  22	      7.66
  23	      7.83
  24	      8.69
  25	     10.14
  26	     10.36
  27	     11.39
  28	      0.12
  29	     -3.85
  30	     -6.23
  31	     -8.36
  32	     -9.63
  33	    -10.78
  34	    -11.59
  35	    -12.25
  36	    -12.91
  37	    -13.57
  38	    -13.47
  39	    -13.41
  40	    -13.88
  41	     -13.6
  42	    -13.75
  43	    -13.68
  44	    -13.49
  45	    -13.64
  46	    -14.01
  47	    -14.14
  48	    -13.85
  49	    -14.11
  50	    -14.11
===begin===
## state: nhinter
## pathid: 728
   1	       0.0
   2	       0.3
   3	     -0.09
   4	      0.03
   5	      0.08
   6	      0.03
   7	      0.01
   8	      0.16
   9	      0.27
  10	      0.61
  11	      0.73
  12	      0.69
  13	       1.4
  14	      2.41
  15	      2.71
  16	      3.14
  17	      3.59
  18	       4.2
  19	      4.78
  20	       5.7
  21	      6.92
  22	      7.45
  23	      7.02
  24	       6.8
  25	       7.1
  26	      8.14
  27	      9.08
  28	      9.13
  29	      9.83
  30	      6.86
  31	      4.34
  32	     -3.42
  33	     -5.94
  34	     -7.71
  35	     -9.25
  36	    -10.36
  37	    -10.98
  38	    -11.35
  39	    -11.63
  40	    -11.99
  41	    -12.03
  42	    -12.01
  43	    -12.03
  44	    -12.13
  45	    -12.29
  46	     -12.4
  47	    -12.29
  48	    -12.24
  49	     -12.4
  50	    -12.26
===begin===
## state: nhinter
## pathid: 1178
   1	       0.0
   2	      0.16
   3	     -0.02
   4	      0.06
   5	     -0.04
   6	      0.06
   7	     -0.04
   8	       0.1
   9	      0.16
  10	      0.33
  11	      0.55
  12	       0.7
  13	      0.73
  14	      0.97
  15	      2.01
  16	      4.53
  17	      2.33
  18	      3.27
  19	      4.81
  20	      6.17
  21	      7.49
  22	      7.94
  23	      7.35
  24	      7.15
  25	       7.6
  26	      8.62
  27	      8.74
  28	       8.6
  29	      8.88
  30	     10.22
  31	      6.88
  32	     -1.68
  33	     -4.61
  34	     -6.52
  35	      -7.6
  36	     -8.63
  37	     -9.04
  38	      -9.6
  39	     -10.1
  40	    -10.94
  41	    -10.99
  42	    -10.89
  43	    -11.04
  44	    -11.11
  45	    -11.46
  46	    -11.65
  47	    -11.78
  48	    -11.59
  49	    -11.75
  50	     -11.8
===begin===
## state: nhinter
## pathid: 1221
   1	       0.0
   2	      0.08
   3	     -0.04
   4	     -0.09
   5	      0.36
   6	      0.08
   7	      0.26
   8	      0.33
   9	      1.35
  10	      2.26
  11	      2.66
  12	      2.18
  13	      1.84
  14	      2.28
  15	      1.86
  16	      2.53
  17	      3.62
  18	      4.94
  19	      6.04
  20	      7.53
  21	      8.85
  22	      9.15
  23	      9.13
  24	      9.38
  25	      9.92
  26	     11.17
  27	     12.19
  28	      12.7
  29	     10.89
  30	       8.0
  31	     -0.24
  32	     -3.17
  33	     -5.66
  34	     -7.55
  35	     -8.95
  36	    -10.12
  37	     -10.9
  38	    -11.69
  39	    -12.07
  40	    -12.51
  41	    -12.62
  42	    -12.48
  43	     -12.5
  44	    -12.27
  45	    -12.65
  46	    -12.92
  47	    -12.76
  48	    -12.74
  49	    -12.95
  50	    -12.93
===begin===
## state: nhinter
## pathid: 1453
   1	       0.0
   2	      0.09
   3	      0.14
   4	      0.14
   5	      0.08
   6	      0.03
   7	      0.21
   8	      0.33
   9	      0.62
  10	      0.96
  11	      1.45
  12	      2.36
  13	      3.08
  14	      2.33
  15	      2.33
  16	      3.02
  17	      3.97
  18	      5.11
  19	      6.05
  20	      6.12
  21	      5.49
  22	      5.09
  23	      5.07
  24	      5.39
  25	       6.3
  26	      7.43
  27	      7.61
  28	      7.72
  29	      8.53
  30	       6.4
  31	     -1.28
  32	     -3.59
  33	     -5.62
  34	      -7.2
  35	     -8.57
  36	     -9.76
  37	    -10.69
  38	    -11.49
  39	     -11.8
  40	    -12.29
  41	    -12.44
  42	     -12.5
  43	    -12.53
  44	    -12.87
  45	    -13.06
  46	    -13.13
  47	    -13.21
  48	    -13.31
  49	    -13.35
  50	    -13.32
===+end+===
