===begin===
## state: reactant
## pathid: 112
   1	       0.0
   2	      0.21
   3	       0.4
   4	      0.31
   5	      0.12
   6	       0.3
   7	       0.6
   8	      0.85
   9	       0.9
  10	      0.97
  11	      0.86
  12	      0.72
  13	      0.27
  14	     -0.29
  15	     -0.55
  16	      0.84
  17	      1.04
  18	      1.93
  19	      3.45
  20	      5.32
  21	      7.29
  22	      7.78
  23	      7.35
  24	       7.4
  25	      8.43
  26	      9.76
  27	       9.8
  28	     10.46
  29	      6.96
  30	     -2.15
  31	     -5.34
  32	     -7.94
  33	     -9.62
  34	    -10.69
  35	    -12.03
  36	    -13.18
  37	    -14.23
  38	    -14.17
  39	    -14.19
  40	    -14.65
  41	    -14.97
  42	     -14.8
  43	    -15.08
  44	     -15.1
  45	    -15.56
  46	    -15.85
  47	    -15.58
  48	    -15.74
  49	    -15.79
  50	    -15.91
===begin===
## state: reactant
## pathid: 326
   1	       0.0
   2	     -0.14
   3	      0.02
   4	      0.21
   5	     -0.07
   6	      0.15
   7	     -0.01
   8	      0.11
   9	      0.15
  10	      0.35
  11	      0.61
  12	      1.16
  13	      1.91
  14	      2.39
  15	      2.71
  16	      3.09
  17	      3.81
  18	      4.98
  19	      6.29
  20	       7.0
  21	      6.69
  22	      6.12
  23	      5.86
  24	      5.93
  25	      6.33
  26	      7.16
  27	      8.42
  28	      9.12
  29	      9.38
  30	     10.11
  31	      9.71
  32	      7.47
  33	      0.38
  34	      -1.7
  35	     -3.18
  36	     -4.44
  37	     -5.26
  38	      -6.3
  39	     -6.88
  40	     -7.57
  41	     -7.81
  42	     -8.15
  43	     -8.45
  44	     -8.48
  45	     -8.75
  46	     -8.89
  47	      -9.0
  48	     -8.94
  49	     -8.92
  50	     -8.76
===begin===
## state: reactant
## pathid: 634
   1	       0.0
   2	     -0.01
   3	      0.03
   4	      0.04
   5	      0.12
   6	      0.08
   7	      0.16
   8	      0.24
   9	      0.47
  10	      0.59
  11	       0.8
  12	      0.95
  13	      1.04
  14	      1.29
  15	      1.54
  16	      2.32
  17	       3.6
  18	      4.92
  19	      6.14
  20	      7.88
  21	      10.1
  22	     11.81
  23	     12.05
  24	     11.86
  25	     12.11
  26	     12.91
  27	     14.32
  28	      15.2
  29	     15.21
  30	     15.85
  31	     13.97
  32	      4.91
  33	      2.41
  34	      0.87
  35	     -0.32
  36	     -1.64
  37	     -2.78
  38	      -3.7
  39	     -4.44
  40	     -5.11
  41	     -5.21
  42	      -5.6
  43	     -5.66
  44	     -5.77
  45	     -6.11
  46	     -6.41
  47	     -6.41
  48	     -6.26
  49	     -6.54
  50	     -6.41
===begin===
## state: reactant
## pathid: 1570
   1	       0.0
   2	     -0.06
   3	      0.05
   4	     -0.06
   5	     -0.01
   6	      0.08
   7	      0.16
   8	      0.14
   9	      0.38
  10	      0.27
  11	      0.48
  12	      0.36
  13	      0.56
  14	      0.96
  15	       1.7
  16	      2.94
  17	      4.78
  18	      6.31
  19	      8.17
  20	      8.79
  21	      7.76
  22	      7.18
  23	      7.22
  24	       7.5
  25	      8.27
  26	      9.92
  27	     11.25
  28	     12.19
  29	      9.49
  30	      0.51
  31	     -2.51
  32	      -4.8
  33	     -6.62
  34	     -7.51
  35	     -8.02
  36	     -8.76
  37	     -9.07
  38	     -9.53
  39	     -10.0
  40	     -9.94
  41	     -9.77
  42	     -9.59
  43	     -9.47
  44	     -9.43
  45	     -9.46
  46	     -9.44
  47	     -9.53
  48	     -9.58
  49	     -9.61
  50	     -9.54
===begin===
## state: reactant
## pathid: 1828
   1	       0.0
   2	      0.07
   3	     -0.12
   4	     -0.01
   5	     -0.03
   6	      0.05
   7	      -0.1
   8	      0.13
   9	      0.09
  10	      0.48
  11	      0.95
  12	      1.53
  13	      1.78
  14	      1.86
  15	      2.08
  16	      2.25
  17	      2.81
  18	      3.17
  19	      3.97
  20	      5.14
  21	      6.84
  22	      8.58
  23	      9.96
  24	     10.35
  25	     10.46
  26	     11.16
  27	     12.72
  28	     14.86
  29	     16.06
  30	     13.86
  31	     10.91
  32	      2.18
  33	      0.14
  34	     -1.79
  35	     -2.98
  36	     -3.59
  37	     -4.36
  38	     -5.15
  39	     -5.67
  40	      -6.3
  41	     -6.37
  42	     -6.66
  43	     -6.86
  44	     -7.05
  45	     -7.36
  46	      -7.3
  47	      -7.6
  48	     -7.35
  49	     -7.64
  50	     -7.46
===begin===
## state: reactant
## pathid: 1966
   1	       0.0
   2	      0.38
   3	      0.46
   4	      0.49
   5	       0.4
   6	       0.4
   7	      0.33
   8	      0.24
   9	      0.12
  10	      0.22
  11	      0.05
  12	      0.16
  13	      0.17
  14	      0.49
  15	      0.88
  16	      1.57
  17	      2.67
  18	      4.01
  19	      4.85
  20	      4.54
  21	      3.73
  22	      3.36
  23	      3.39
  24	      3.81
  25	      4.77
  26	      6.21
  27	      6.82
  28	      7.36
  29	      5.26
  30	      2.93
  31	     -4.93
  32	     -7.45
  33	     -9.35
  34	    -10.89
  35	    -12.01
  36	    -12.91
  37	    -13.58
  38	    -14.25
  39	    -14.43
  40	    -14.85
  41	    -14.97
  42	    -14.91
  43	    -14.93
  44	    -15.02
  45	    -15.21
  46	    -15.51
  47	    -15.42
  48	    -15.73
  49	     -15.6
  50	    -15.67
===begin===
## state: ts
## pathid: 651
   1	       0.0
   2	      0.15
   3	      0.02
   4	       0.2
   5	      0.11
   6	     -0.06
   7	      0.09
   8	      0.26
   9	      0.32
  10	       0.7
  11	      1.27
  12	      1.95
  13	      2.11
  14	      2.16
  15	      2.03
  16	       2.3
  17	      2.86
  18	       4.1
  19	      5.56
  20	      7.39
  21	      8.69
  22	      8.83
  23	      8.64
  24	      8.75
  25	      9.33
  26	     10.77
  27	     12.25
  28	      12.8
  29	     11.36
  30	      8.38
  31	     -0.75
  32	     -3.59
  33	     -5.45
  34	     -6.95
  35	     -8.37
  36	     -9.32
  37	    -10.17
  38	    -10.75
  39	    -10.75
  40	    -11.21
  41	     -11.4
  42	    -11.39
  43	    -11.59
  44	    -11.62
  45	    -12.01
  46	    -12.27
  47	    -12.26
  48	    -12.13
  49	    -12.39
  50	    -12.35
===begin===
## state: ts
## pathid: 713
   1	       0.0
   2	      0.31
   3	      0.15
   4	      0.19
   5	      0.06
   6	      0.55
   7	      0.18
   8	      0.37
   9	      0.49
  10	      0.71
  11	      0.93
  12	      1.37
  13	      1.84
  14	      2.44
  15	      3.28
  16	      4.77
  17	      5.65
  18	      6.54
  19	      7.59
  20	      8.34
  21	      9.15
  22	       9.4
  23	       9.4
  24	      9.73
  25	     10.47
  26	      11.3
  27	     11.22
  28	     11.39
  29	     11.82
  30	     13.64
  31	     11.24
  32	      8.87
  33	      6.44
  34	     -0.93
  35	     -2.91
  36	     -4.33
  37	     -5.27
  38	     -6.23
  39	     -7.45
  40	     -8.07
  41	     -8.67
  42	     -9.19
  43	     -9.64
  44	     -9.91
  45	    -10.26
  46	    -10.44
  47	    -10.37
  48	    -10.41
  49	    -10.62
  50	    -10.49
===begin===
## state: ts
## pathid: 870
   1	       0.0
   2	      0.01
   3	      0.06
   4	      0.02
   5	      0.13
   6	      0.01
   7	      0.06
   8	      0.08
   9	      0.33
  10	      0.36
  11	      0.65
  12	       0.8
  13	       1.3
  14	      1.61
  15	      2.32
  16	      3.54
  17	      4.75
  18	      5.63
  19	      6.84
  20	      8.21
  21	      9.69
  22	      10.5
  23	     10.35
  24	     10.07
  25	     10.26
  26	     10.99
  27	     12.47
  28	     13.76
  29	      14.0
  30	     14.56
  31	     13.41
  32	      4.97
  33	      1.92
  34	      0.05
  35	     -1.57
  36	     -2.68
  37	     -3.79
  38	     -4.72
  39	     -5.45
  40	     -5.76
  41	      -6.1
  42	     -6.38
  43	     -6.55
  44	     -6.87
  45	     -6.92
  46	     -7.13
  47	     -6.95
  48	     -6.97
  49	     -7.15
  50	     -7.08
===begin===
## state: ts
## pathid: 1267
   1	       0.0
   2	      -0.1
   3	      0.18
   4	      0.16
   5	     -0.02
   6	      0.01
   7	      0.14
   8	      0.22
   9	      0.86
  10	      1.24
  11	      1.41
  12	      1.12
  13	       1.2
  14	      0.89
  15	      0.61
  16	       0.4
  17	      1.28
  18	      2.91
  19	      4.56
  20	      6.24
  21	      6.93
  22	      6.14
  23	      5.63
  24	       5.6
  25	      5.93
  26	      6.76
  27	      8.23
  28	      9.02
  29	      9.72
  30	      8.16
  31	      5.74
  32	     -2.58
  33	     -4.98
  34	     -6.53
  35	     -7.59
  36	     -8.85
  37	    -10.11
  38	    -10.94
  39	    -11.58
  40	    -11.91
  41	    -12.05
  42	    -11.97
  43	    -12.02
  44	    -11.78
  45	    -11.78
  46	    -11.59
  47	    -11.57
  48	    -11.61
  49	    -11.49
  50	    -11.55
===begin===
## state: ts
## pathid: 1376
   1	       0.0
   2	     -0.07
   3	       0.0
   4	     -0.17
   5	      0.12
   6	      -0.1
   7	      0.09
   8	      0.13
   9	      0.28
  10	      0.13
  11	      0.32
  12	      0.48
  13	      0.56
  14	      0.66
  15	      0.97
  16	      1.73
  17	      3.05
  18	      5.06
  19	      6.41
  20	      7.92
  21	      9.48
  22	     10.34
  23	     10.07
  24	      9.83
  25	      9.97
  26	     10.94
  27	      12.3
  28	     12.39
  29	     12.62
  30	     11.18
  31	      1.06
  32	     -1.26
  33	     -2.62
  34	     -3.77
  35	     -4.91
  36	     -5.69
  37	      -6.7
  38	     -7.22
  39	     -7.56
  40	     -7.82
  41	     -8.21
  42	     -8.12
  43	     -8.62
  44	     -8.88
  45	     -8.96
  46	     -8.98
  47	     -9.09
  48	     -9.22
  49	     -9.19
  50	      -9.3
===begin===
## state: ts
## pathid: 1826
   1	       0.0
   2	      0.12
   3	     -0.04
   4	      0.05
   5	     -0.09
   6	      0.07
   7	      0.05
   8	      0.12
   9	       0.2
  10	      0.48
  11	      1.62
  12	      1.71
  13	      1.72
  14	      2.05
  15	      2.31
  16	      3.01
  17	       3.6
  18	      4.66
  19	      5.77
  20	      6.49
  21	      5.96
  22	      5.26
  23	      5.01
  24	       5.1
  25	      5.48
  26	      6.35
  27	      7.88
  28	      8.92
  29	      9.86
  30	      7.68
  31	      5.58
  32	     -1.84
  33	     -3.81
  34	     -5.07
  35	     -6.12
  36	     -7.12
  37	      -7.7
  38	     -8.29
  39	     -8.44
  40	     -8.63
  41	      -9.0
  42	     -9.29
  43	     -9.67
  44	     -9.71
  45	    -10.01
  46	     -10.0
  47	    -10.02
  48	     -9.93
  49	    -10.13
  50	    -10.03
===begin===
## state: nhinter
## pathid: 390
   1	       0.0
   2	      0.32
   3	      0.19
   4	     -0.01
   5	      0.24
   6	      0.61
   7	      1.28
   8	      1.18
   9	      1.16
  10	      1.15
  11	      1.24
  12	       1.3
  13	      1.48
  14	      1.79
  15	      2.05
  16	      2.65
  17	      3.45
  18	      5.24
  19	      7.75
  20	      9.47
  21	      9.31
  22	      9.09
  23	      9.08
  24	     10.09
  25	     11.74
  26	      9.03
  27	      5.47
  28	     -4.33
  29	     -7.46
  30	     -9.54
  31	    -11.14
  32	    -12.44
  33	    -13.06
  34	    -13.25
  35	    -13.79
  36	    -13.95
  37	    -14.07
  38	    -14.56
  39	    -14.43
  40	    -14.57
  41	    -14.49
  42	    -14.57
  43	    -14.44
  44	    -14.55
  45	    -14.49
  46	    -14.64
  47	    -14.62
  48	    -14.78
  49	    -14.67
  50	    -14.75
===begin===
## state: nhinter
## pathid: 663
   1	       0.0
   2	     -0.06
   3	     -0.08
   4	     -0.08
   5	     -0.01
   6	     -0.15
   7	      0.03
   8	      0.07
   9	      0.23
  10	      0.13
  11	      0.11
  12	      0.08
  13	      0.46
  14	      1.11
  15	      1.57
  16	      2.55
  17	      3.43
  18	      4.62
  19	      6.05
  20	      8.16
  21	      9.13
  22	      8.82
  23	      9.03
  24	     10.08
  25	     11.58
  26	     11.62
  27	     12.35
  28	       0.9
  29	     -3.04
  30	     -5.44
  31	     -7.55
  32	     -8.87
  33	    -10.02
  34	    -10.82
  35	    -11.46
  36	    -12.08
  37	    -12.73
  38	    -12.66
  39	    -12.59
  40	    -13.05
  41	    -12.78
  42	    -12.92
  43	    -12.86
  44	    -12.69
  45	    -12.82
  46	    -13.17
  47	    -13.26
  48	    -13.01
  49	    -13.32
  50	    -13.25
===begin===
## state: nhinter
## pathid: 728
   1	       0.0
   2	      0.29
   3	     -0.11
   4	      0.03
   5	      0.08
   6	      0.04
   7	       0.0
   8	      0.22
   9	      0.22
  10	      0.59
  11	      0.68
  12	      0.61
  13	      1.16
  14	      1.82
  15	      2.05
  16	      2.39
  17	      2.88
  18	       3.6
  19	      4.47
  20	      5.81
  21	      7.56
  22	      8.53
  23	      8.35
  24	      8.21
  25	      8.58
  26	      9.74
  27	     10.72
  28	     10.67
  29	     11.21
  30	      8.92
  31	      5.45
  32	      -2.5
  33	     -4.99
  34	     -6.75
  35	     -8.29
  36	      -9.4
  37	     -10.0
  38	    -10.36
  39	    -10.64
  40	     -11.0
  41	    -11.03
  42	    -11.02
  43	    -11.04
  44	    -11.13
  45	     -11.3
  46	    -11.39
  47	    -11.29
  48	    -11.24
  49	     -11.4
  50	    -11.27
===begin===
## state: nhinter
## pathid: 1178
   1	       0.0
   2	      0.13
   3	     -0.03
   4	      0.05
   5	     -0.05
   6	      0.05
   7	     -0.05
   8	      0.09
   9	      0.13
  10	       0.3
  11	      0.49
  12	      0.64
  13	      0.64
  14	      0.82
  15	      1.63
  16	      3.35
  17	      1.06
  18	      2.23
  19	      4.12
  20	      5.98
  21	      7.84
  22	      8.73
  23	      8.34
  24	      8.19
  25	      8.75
  26	      9.84
  27	      9.92
  28	      9.65
  29	      9.78
  30	     10.96
  31	      8.13
  32	     -1.13
  33	     -4.01
  34	     -5.92
  35	     -7.02
  36	     -8.07
  37	     -8.47
  38	     -9.08
  39	     -9.56
  40	    -10.38
  41	    -10.43
  42	    -10.33
  43	    -10.47
  44	    -10.54
  45	    -10.88
  46	    -11.08
  47	    -11.21
  48	    -11.01
  49	    -11.17
  50	    -11.23
===begin===
## state: nhinter
## pathid: 1221
   1	       0.0
   2	       0.1
   3	     -0.03
   4	     -0.09
   5	       0.3
   6	      0.04
   7	      0.19
   8	      0.21
   9	      1.02
  10	      1.43
  11	      1.55
  12	       0.9
  13	      0.57
  14	      1.04
  15	      0.69
  16	      1.48
  17	      2.72
  18	      4.27
  19	      5.72
  20	      7.67
  21	      9.52
  22	     10.21
  23	     10.28
  24	     10.54
  25	     11.16
  26	      12.6
  27	     13.65
  28	     13.97
  29	     12.79
  30	      9.21
  31	      0.53
  32	     -2.37
  33	     -4.86
  34	     -6.78
  35	     -8.21
  36	     -9.37
  37	    -10.14
  38	    -10.94
  39	    -11.31
  40	    -11.81
  41	    -11.93
  42	    -11.78
  43	    -11.82
  44	    -11.59
  45	    -11.96
  46	     -12.2
  47	    -12.02
  48	    -12.02
  49	    -12.24
  50	     -12.2
===begin===
## state: nhinter
## pathid: 1453
   1	       0.0
   2	      0.07
   3	      0.12
   4	       0.1
   5	      0.06
   6	      0.01
   7	      0.16
   8	      0.26
   9	       0.5
  10	      0.71
  11	      1.08
  12	      1.71
  13	      1.98
  14	      1.23
  15	      1.39
  16	      2.32
  17	      3.61
  18	       5.2
  19	      6.57
  20	      6.96
  21	       6.5
  22	      6.15
  23	      6.13
  24	      6.52
  25	      7.57
  26	      8.77
  27	       8.9
  28	      8.86
  29	      9.49
  30	      7.98
  31	     -0.63
  32	     -2.94
  33	     -4.97
  34	     -6.56
  35	     -7.97
  36	     -9.19
  37	    -10.15
  38	    -10.95
  39	    -11.28
  40	    -11.77
  41	    -11.91
  42	    -11.99
  43	     -12.0
  44	    -12.32
  45	    -12.52
  46	    -12.57
  47	    -12.67
  48	    -12.76
  49	    -12.79
  50	    -12.76
===+end+===
