===begin===
## state: reactant
## pathid: 112
   1	       0.0
   2	      0.27
   3	      0.38
   4	      0.37
   5	      0.18
   6	      0.32
   7	      0.57
   8	      0.75
   9	      0.88
  10	      0.67
  11	      0.66
  12	      0.43
  13	      0.17
  14	     -0.47
  15	     -0.94
  16	     -0.09
  17	      0.04
  18	      0.29
  19	      1.23
  20	      2.57
  21	      4.38
  22	      4.91
  23	      4.11
  24	      3.84
  25	      4.76
  26	      6.12
  27	      6.14
  28	      6.74
  29	      2.57
  30	     -5.87
  31	     -8.68
  32	    -10.87
  33	    -11.93
  34	    -12.71
  35	    -13.55
  36	    -14.15
  37	    -14.72
  38	    -14.68
  39	    -14.62
  40	    -14.88
  41	     -15.0
  42	    -14.92
  43	    -15.04
  44	    -15.08
  45	    -15.38
  46	    -15.49
  47	    -15.39
  48	    -15.43
  49	    -15.41
  50	    -15.54
===begin===
## state: reactant
## pathid: 326
   1	       0.0
   2	     -0.16
   3	     -0.09
   4	      0.18
   5	     -0.09
   6	      0.12
   7	     -0.02
   8	      0.02
   9	      0.09
  10	      0.15
  11	      0.39
  12	      0.65
  13	      1.27
  14	      1.36
  15	      1.59
  16	      1.56
  17	       2.0
  18	      2.76
  19	      3.93
  20	      4.72
  21	      4.26
  22	      3.37
  23	      2.88
  24	      2.76
  25	      2.96
  26	      3.64
  27	      4.91
  28	      5.63
  29	      5.83
  30	       6.4
  31	      5.25
  32	      3.08
  33	     -3.11
  34	     -4.78
  35	     -5.93
  36	     -6.85
  37	     -7.47
  38	     -8.12
  39	     -8.34
  40	     -8.66
  41	     -8.73
  42	     -8.84
  43	     -8.93
  44	     -9.01
  45	     -9.16
  46	     -9.25
  47	     -9.35
  48	     -9.32
  49	      -9.2
  50	     -9.08
===begin===
## state: reactant
## pathid: 634
   1	       0.0
   2	     -0.03
   3	     -0.04
   4	      0.13
   5	      0.09
   6	      0.01
   7	       0.1
   8	      0.15
   9	      0.21
  10	       0.4
  11	      0.34
  12	       0.5
  13	      0.38
  14	      0.71
  15	      0.69
  16	      1.38
  17	      2.17
  18	      3.05
  19	      3.69
  20	      4.89
  21	      6.74
  22	      8.49
  23	      8.74
  24	       8.2
  25	      8.13
  26	       8.7
  27	     10.09
  28	     11.01
  29	     10.97
  30	     11.51
  31	       8.9
  32	      0.51
  33	     -1.49
  34	     -2.58
  35	     -3.42
  36	      -4.4
  37	     -5.18
  38	     -5.72
  39	     -6.11
  40	     -6.42
  41	     -6.58
  42	      -6.7
  43	     -6.72
  44	     -6.77
  45	     -6.97
  46	     -7.14
  47	     -7.13
  48	     -7.03
  49	      -7.2
  50	     -7.12
===begin===
## state: reactant
## pathid: 1570
   1	       0.0
   2	     -0.12
   3	     -0.04
   4	     -0.09
   5	     -0.06
   6	      0.07
   7	      0.08
   8	      0.18
   9	      0.18
  10	       0.3
  11	      0.26
  12	      0.25
  13	      0.26
  14	      0.44
  15	      0.81
  16	      1.57
  17	      2.68
  18	      3.54
  19	      5.01
  20	      5.88
  21	      4.65
  22	      3.82
  23	      3.82
  24	      3.97
  25	      4.47
  26	      6.01
  27	      7.39
  28	      8.24
  29	      4.77
  30	     -3.29
  31	     -5.61
  32	     -7.43
  33	     -8.65
  34	     -9.13
  35	     -9.43
  36	     -9.81
  37	     -9.92
  38	    -10.22
  39	    -10.32
  40	    -10.12
  41	     -9.91
  42	     -9.72
  43	      -9.6
  44	     -9.53
  45	     -9.58
  46	     -9.55
  47	     -9.62
  48	     -9.68
  49	     -9.61
  50	      -9.7
===begin===
## state: reactant
## pathid: 1828
   1	       0.0
   2	      0.05
   3	     -0.16
   4	     -0.01
   5	     -0.01
   6	      -0.1
   7	     -0.02
   8	     -0.02
   9	      0.16
  10	      0.31
  11	      0.76
  12	       1.2
  13	      1.32
  14	      1.52
  15	      1.42
  16	      1.54
  17	      1.74
  18	      1.86
  19	      2.24
  20	      2.97
  21	      4.19
  22	      5.61
  23	       7.0
  24	      7.33
  25	      7.11
  26	      7.51
  27	      8.92
  28	     11.05
  29	     12.18
  30	      9.27
  31	      6.39
  32	     -1.45
  33	     -3.05
  34	     -4.61
  35	     -5.49
  36	     -5.83
  37	     -6.39
  38	     -6.79
  39	     -7.09
  40	     -7.37
  41	     -7.46
  42	     -7.54
  43	     -7.63
  44	     -7.75
  45	     -7.91
  46	      -7.9
  47	     -8.03
  48	     -7.92
  49	     -8.04
  50	     -7.95
===begin===
## state: reactant
## pathid: 1966
   1	       0.0
   2	      0.24
   3	      0.21
   4	      0.25
   5	      0.08
   6	       0.2
   7	      0.12
   8	     -0.03
   9	     -0.07
  10	     -0.06
  11	     -0.13
  12	     -0.16
  13	     -0.18
  14	     -0.05
  15	       0.0
  16	      0.33
  17	      0.93
  18	      1.96
  19	      2.83
  20	      2.52
  21	       1.4
  22	       0.8
  23	      0.65
  24	      0.86
  25	      1.72
  26	      3.19
  27	      3.79
  28	      4.22
  29	      1.43
  30	     -0.82
  31	     -7.96
  32	     -9.94
  33	    -11.46
  34	    -12.59
  35	    -13.32
  36	    -13.95
  37	    -14.21
  38	    -14.59
  39	    -14.62
  40	    -14.82
  41	    -14.93
  42	    -14.86
  43	    -14.81
  44	    -14.88
  45	    -14.96
  46	    -15.11
  47	    -15.05
  48	    -15.19
  49	    -15.15
  50	    -15.17
===begin===
## state: ts
## pathid: 651
   1	       0.0
   2	      0.15
   3	      0.05
   4	      0.18
   5	      0.11
   6	     -0.05
   7	      0.02
   8	      0.18
   9	      0.18
  10	      0.44
  11	      0.88
  12	      1.39
  13	      1.51
  14	      1.44
  15	      1.24
  16	      1.28
  17	      1.42
  18	       2.1
  19	      3.06
  20	      4.51
  21	      5.85
  22	      5.93
  23	      5.42
  24	      5.22
  25	      5.59
  26	       7.0
  27	       8.5
  28	      8.95
  29	      6.78
  30	      3.85
  31	     -4.44
  32	     -6.76
  33	     -8.25
  34	     -9.31
  35	    -10.31
  36	    -10.83
  37	    -11.26
  38	    -11.51
  39	    -11.53
  40	    -11.78
  41	    -11.92
  42	    -11.89
  43	    -11.95
  44	    -11.98
  45	    -12.22
  46	    -12.39
  47	    -12.38
  48	    -12.28
  49	    -12.41
  50	    -12.38
===begin===
## state: ts
## pathid: 713
   1	       0.0
   2	      0.26
   3	      0.08
   4	      0.02
   5	     -0.07
   6	      0.41
   7	      0.02
   8	      0.11
   9	      0.21
  10	      0.36
  11	      0.48
  12	       0.8
  13	      1.09
  14	      1.42
  15	      2.06
  16	      3.16
  17	       3.6
  18	      4.19
  19	      5.11
  20	      5.73
  21	      6.61
  22	       7.0
  23	      6.96
  24	      7.22
  25	      7.91
  26	      8.79
  27	      8.65
  28	      8.74
  29	      9.04
  30	     10.72
  31	       7.7
  32	      5.45
  33	      3.16
  34	     -3.84
  35	     -5.68
  36	     -6.78
  37	     -7.49
  38	     -8.22
  39	     -9.25
  40	     -9.58
  41	     -9.99
  42	    -10.29
  43	    -10.67
  44	    -10.84
  45	    -11.12
  46	    -11.22
  47	    -11.13
  48	    -11.19
  49	    -11.38
  50	    -11.22
===begin===
## state: ts
## pathid: 870
   1	       0.0
   2	      0.02
   3	     -0.08
   4	      0.02
   5	      0.07
   6	       0.0
   7	     -0.08
   8	       0.0
   9	      0.04
  10	      0.17
  11	      0.18
  12	      0.35
  13	      0.53
  14	      0.83
  15	      1.23
  16	      2.32
  17	      2.95
  18	      3.44
  19	      4.14
  20	      5.14
  21	      6.41
  22	      7.33
  23	      7.03
  24	      6.44
  25	      6.36
  26	      6.93
  27	      8.41
  28	      9.72
  29	      9.91
  30	     10.36
  31	      8.49
  32	       0.6
  33	     -1.95
  34	     -3.31
  35	     -4.59
  36	     -5.39
  37	     -6.11
  38	     -6.66
  39	     -7.02
  40	     -7.18
  41	      -7.4
  42	     -7.51
  43	     -7.69
  44	     -7.88
  45	     -7.98
  46	     -8.12
  47	     -8.02
  48	     -8.01
  49	     -8.17
  50	     -8.13
===begin===
## state: ts
## pathid: 1267
   1	       0.0
   2	     -0.13
   3	     -0.01
   4	       0.1
   5	     -0.09
   6	     -0.08
   7	     -0.02
   8	      0.07
   9	      0.48
  10	      0.87
  11	      0.77
  12	      0.67
  13	      0.54
  14	      0.43
  15	     -0.04
  16	     -0.51
  17	     -0.25
  18	      0.62
  19	       1.6
  20	      2.95
  21	      3.79
  22	      2.72
  23	      1.89
  24	      1.64
  25	      1.76
  26	      2.37
  27	      3.83
  28	      4.62
  29	       5.2
  30	      2.91
  31	      0.74
  32	     -6.74
  33	     -8.54
  34	     -9.82
  35	    -10.57
  36	    -11.41
  37	    -12.12
  38	    -12.41
  39	    -12.76
  40	    -12.91
  41	    -13.01
  42	    -12.96
  43	     -13.0
  44	    -12.79
  45	    -12.77
  46	     -12.6
  47	    -12.56
  48	    -12.61
  49	     -12.5
  50	    -12.58
===begin===
## state: ts
## pathid: 1376
   1	       0.0
   2	      0.08
   3	     -0.08
   4	     -0.02
   5	      0.05
   6	      0.01
   7	      0.09
   8	      0.22
   9	      0.27
  10	      0.21
  11	      0.33
  12	      0.49
  13	      0.53
  14	      0.57
  15	      0.72
  16	      1.16
  17	      2.16
  18	      3.68
  19	      4.43
  20	      5.55
  21	      6.85
  22	      7.74
  23	      7.25
  24	      6.65
  25	      6.54
  26	      7.41
  27	      8.82
  28	      8.91
  29	       9.1
  30	      6.88
  31	     -2.39
  32	     -4.28
  33	     -5.25
  34	     -6.04
  35	     -6.99
  36	     -7.44
  37	     -8.11
  38	     -8.32
  39	      -8.5
  40	     -8.64
  41	     -8.84
  42	     -8.73
  43	     -8.98
  44	     -9.12
  45	     -9.16
  46	     -9.15
  47	      -9.2
  48	     -9.29
  49	     -9.27
  50	     -9.33
===begin===
## state: ts
## pathid: 1826
   1	       0.0
   2	      0.11
   3	      0.03
   4	     -0.01
   5	      0.01
   6	      0.03
   7	      0.01
   8	      0.08
   9	      0.07
  10	      0.33
  11	      1.16
  12	      1.23
  13	      1.05
  14	      1.22
  15	      1.08
  16	      1.39
  17	      1.56
  18	      2.19
  19	      3.03
  20	      3.87
  21	      3.24
  22	      2.25
  23	      1.85
  24	      1.84
  25	      2.02
  26	      2.67
  27	       4.2
  28	      5.24
  29	      6.03
  30	      3.18
  31	      1.16
  32	     -5.31
  33	     -6.72
  34	     -7.63
  35	     -8.36
  36	     -8.99
  37	     -9.41
  38	     -9.66
  39	     -9.71
  40	     -9.77
  41	     -9.93
  42	    -10.02
  43	    -10.17
  44	    -10.19
  45	    -10.34
  46	    -10.31
  47	    -10.34
  48	     -10.3
  49	    -10.36
  50	    -10.33
===begin===
## state: nhinter
## pathid: 390
   1	       0.0
   2	      0.14
   3	      0.08
   4	     -0.06
   5	      0.09
   6	      0.46
   7	       0.9
   8	      0.83
   9	      0.77
  10	      0.81
  11	      0.79
  12	       0.8
  13	      0.73
  14	      0.74
  15	      0.77
  16	      0.98
  17	      1.31
  18	      2.39
  19	      4.34
  20	      6.11
  21	      5.58
  22	      5.11
  23	      4.92
  24	      5.76
  25	      7.47
  26	      4.06
  27	      0.41
  28	     -8.13
  29	    -10.62
  30	    -12.15
  31	    -13.14
  32	    -13.92
  33	    -14.19
  34	    -14.34
  35	    -14.51
  36	    -14.65
  37	    -14.64
  38	    -14.86
  39	    -14.68
  40	    -14.86
  41	    -14.72
  42	    -14.77
  43	    -14.77
  44	    -14.76
  45	    -14.79
  46	    -14.81
  47	    -14.86
  48	    -14.88
  49	    -14.82
  50	    -14.92
===begin===
## state: nhinter
## pathid: 663
   1	       0.0
   2	      0.13
   3	       0.0
   4	      0.06
   5	     -0.05
   6	      0.08
   7	      0.07
   8	      0.22
   9	      0.17
  10	      0.26
  11	      0.21
  12	      0.26
  13	      0.38
  14	      0.95
  15	      1.16
  16	      1.56
  17	      1.82
  18	       2.2
  19	       3.1
  20	      4.78
  21	      5.79
  22	      5.05
  23	      4.93
  24	      5.73
  25	      7.28
  26	      7.32
  27	      8.01
  28	     -3.55
  29	     -6.89
  30	      -8.8
  31	    -10.43
  32	    -11.28
  33	    -11.95
  34	    -12.26
  35	    -12.64
  36	    -12.87
  37	    -13.09
  38	    -13.03
  39	    -12.96
  40	    -13.11
  41	    -12.98
  42	     -13.1
  43	    -12.96
  44	    -12.97
  45	    -12.98
  46	    -13.14
  47	    -13.21
  48	    -13.13
  49	    -13.13
  50	    -13.22
===begin===
## state: nhinter
## pathid: 728
   1	       0.0
   2	      0.14
   3	      -0.1
   4	      0.05
   5	     -0.08
   6	      0.06
   7	      0.04
   8	      0.02
   9	      0.17
  10	      0.24
  11	      0.44
  12	      0.36
  13	      0.71
  14	      1.23
  15	      1.21
  16	      1.27
  17	      1.44
  18	      1.63
  19	      2.08
  20	      2.92
  21	      4.35
  22	      5.36
  23	       4.9
  24	      4.39
  25	      4.49
  26	      5.56
  27	      6.57
  28	       6.5
  29	      6.95
  30	      3.96
  31	      0.66
  32	     -6.41
  33	     -8.44
  34	     -9.75
  35	    -10.77
  36	    -11.38
  37	    -11.76
  38	    -11.86
  39	    -11.93
  40	    -12.05
  41	    -12.04
  42	    -12.05
  43	    -12.06
  44	    -12.08
  45	    -12.27
  46	    -12.29
  47	    -12.32
  48	    -12.23
  49	    -12.26
  50	     -12.2
===begin===
## state: nhinter
## pathid: 1178
   1	       0.0
   2	     -0.01
   3	     -0.05
   4	      -0.1
   5	     -0.04
   6	     -0.02
   7	     -0.02
   8	     -0.01
   9	       0.0
  10	      0.13
  11	      0.15
  12	      0.24
  13	      0.12
  14	      0.35
  15	      0.84
  16	      2.28
  17	      0.25
  18	      0.78
  19	      1.85
  20	      3.07
  21	      4.61
  22	      5.58
  23	      4.88
  24	      4.39
  25	      4.74
  26	      5.91
  27	      6.04
  28	      5.83
  29	      5.99
  30	      7.05
  31	      3.45
  32	      -4.9
  33	      -7.2
  34	     -8.81
  35	     -9.59
  36	    -10.39
  37	    -10.53
  38	    -10.87
  39	    -11.05
  40	    -11.45
  41	     -11.5
  42	    -11.42
  43	    -11.48
  44	     -11.5
  45	     -11.7
  46	    -11.81
  47	    -11.83
  48	    -11.77
  49	    -11.83
  50	    -11.88
===begin===
## state: nhinter
## pathid: 1221
   1	       0.0
   2	      0.03
   3	     -0.09
   4	       0.0
   5	      0.18
   6	       0.2
   7	      0.02
   8	      0.25
   9	      0.77
  10	      1.32
  11	      1.26
  12	      0.78
  13	      0.39
  14	      0.69
  15	      0.15
  16	      0.47
  17	      1.16
  18	      2.11
  19	      3.04
  20	      4.47
  21	       6.2
  22	      6.78
  23	       6.6
  24	      6.57
  25	      6.94
  26	      8.39
  27	      9.46
  28	      9.75
  29	      7.79
  30	      4.26
  31	     -3.52
  32	     -5.91
  33	     -8.05
  34	     -9.56
  35	    -10.51
  36	    -11.23
  37	    -11.58
  38	    -11.91
  39	    -12.17
  40	    -12.28
  41	     -12.4
  42	    -12.38
  43	    -12.32
  44	    -12.19
  45	    -12.35
  46	    -12.53
  47	    -12.48
  48	    -12.44
  49	    -12.46
  50	    -12.55
===begin===
## state: nhinter
## pathid: 1453
   1	       0.0
   2	      0.08
   3	      0.05
   4	      0.07
   5	       0.0
   6	      0.03
   7	      0.07
   8	      0.22
   9	      0.36
  10	      0.45
  11	      0.78
  12	      1.28
  13	      1.36
  14	      0.57
  15	      0.33
  16	      0.69
  17	       1.4
  18	       2.6
  19	       3.9
  20	       4.3
  21	      3.55
  22	      2.92
  23	      2.67
  24	      2.86
  25	      3.86
  26	       5.1
  27	      5.22
  28	      5.16
  29	      5.73
  30	      3.54
  31	     -4.52
  32	     -6.55
  33	     -8.11
  34	     -9.34
  35	    -10.47
  36	    -11.26
  37	    -11.81
  38	    -12.25
  39	    -12.36
  40	    -12.61
  41	    -12.66
  42	    -12.73
  43	    -12.66
  44	    -12.86
  45	    -12.98
  46	    -12.98
  47	    -13.07
  48	    -13.11
  49	    -13.09
  50	    -13.12
===+end+===
